0,0,633,948,575,1498,2350,125,564,661,1861,2040,2329,2503,1586,1524,302,1140,2039,879,1113,722,425,547,353,966,382,587,467,1896,1714,2079,2109,1256,1153,799,1078,893,1489,2149,1783,2344,1441,1517,1756,1726,1221,1394,1242,1751,2306,1486,1921,1068,1529,993,1541,1778,1790,1805,1422,1035,1338,1522,2222,1284,1258,1136,1800,468,644,1888,765,335,798,923,911,933,2540,1619,421,1210,613,663,2167,695,460,2030,238,1818,1046,1376,2091,7124,3943,5083,4642,2844,2210,1553,2149,1904,969,997,1745,1042,863,745,1536,2101,1325,1688,1155,1649,1458,1659,1653,2048,2099,2341,1846,1960,2652,2499,2711,2438,2880,2167,1279,795,1060,2658,1473,2852,1240,1397,1934,1891,2753,2966,1423,1011,802,1072,886,1070,2994,1326,2581,1430,1697,3144,2568,1123,1126,875,2306,2942,1626,2602,1536,1642,2331,2369,2308,2659,2066,2287,3106,1267,3417,3402,1743,3067,2454,2881,3404,3252,3672,4123,1821,2346,2424,2042,3472,3091,2998,3131,2676,1880,3438,4102,2022,2196,3708,1280,1754,2352,3264,3146
0,0,633,948,575,1498,2350,125,564,661,1861,2040,2329,2503,1586,1524,302,1140,2039,879,1113,722,425,547,353,966,382,587,467,1896,1714,2079,2109,1256,1153,799,1078,893,1489,2149,1783,2344,1441,1517,1756,1726,1221,1394,1242,1751,2306,1486,1921,1068,1529,993,1541,1778,1790,1805,1422,1035,1338,1522,2222,1284,1258,1136,1800,468,644,1888,765,335,798,923,911,933,2540,1619,421,1210,613,663,2167,695,460,2030,238,1818,1046,1376,2091,7124,3943,5083,4642,2844,2210,1553,2149,1904,969,997,1745,1042,863,745,1536,2101,1325,1688,1155,1649,1458,1659,1653,2048,2099,2341,1846,1960,2652,2499,2711,2438,2880,2167,1279,795,1060,2658,1473,2852,1240,1397,1934,1891,2753,2966,1423,1011,802,1072,886,1070,2994,1326,2581,1430,1697,3144,2568,1123,1126,875,2306,2942,1626,2602,1536,1642,2331,2369,2308,2659,2066,2287,3106,1267,3417,3402,1743,3067,2454,2881,3404,3252,3672,4123,1821,2346,2424,2042,3472,3091,2998,3131,2676,1880,3438,4102,2022,2196,3708,1280,1754,2352,3264,3146
633,633,0,315,218,865,1717,530,463,214,1228,1407,1696,1870,953,891,331,589,1406,586,480,275,414,252,504,333,251,544,914,1263,1081,1446,1476,623,706,226,631,260,856,1516,1150,1711,808,910,1123,1093,774,947,609,1118,1673,1039,1288,435,1082,546,2140,1527,1343,1358,1091,682,1915,1075,1775,1917,1467,957,1353,653,1277,2521,640,968,1127,1556,1412,1566,3173,2252,1054,1843,1246,424,2800,1328,889,2663,845,2451,1679,2009,2724,6677,4390,5716,5275,2397,2657,2000,2596,2351,1416,1444,2192,1675,1374,1378,1983,2734,1958,2321,1602,2282,2091,2292,2286,2681,2732,2974,2293,2593,3285,3132,3158,3071,3513,2800,1838,1242,1507,3291,1920,3485,1873,2030,2567,2338,3200,3413,1870,1458,1249,1519,1333,1517,3441,1773,3028,1877,2144,3591,3015,1570,1573,1322,2753,3389,2073,3049,1983,2089,2778,2816,2755,3106,2513,2734,3553,1714,3846,3849,2110,3514,2901,3328,3851,3529,3303,4570,2268,2049,2871,2489,3919,3538,3445,2824,2493,2327,3885,3919,2469,2393,4155,1481,1799,2799,2631,2513
948,948,315,0,373,550,1402,845,778,517,913,1092,1381,1555,638,576,646,286,1091,283,165,578,523,567,595,180,566,361,663,948,994,1131,1161,346,1009,529,934,491,541,1201,835,1396,751,1213,808,778,1077,1250,696,855,1358,1342,973,616,1385,849,2455,1842,1646,1661,1406,997,2230,1378,2078,2232,1782,1272,1656,968,1592,2836,955,1283,1442,1871,1727,1881,3488,2567,1369,2158,1561,739,3115,1643,1204,2978,1160,2766,1994,2324,3039,6980,4087,6031,5590,2700,2354,1943,2293,2498,1427,1669,1889,1990,1689,1693,2274,3049,2273,2636,1629,2597,2406,2607,2601,2996,3047,3289,2068,2908,3600,3447,2855,3386,3828,3115,2153,1321,1704,3606,1651,3800,2188,2345,2882,2035,2897,3110,1567,1155,946,1216,1222,1214,3138,1470,2725,1574,1841,3288,2712,1267,1418,1019,2450,3086,1770,2746,1680,1786,2475,2513,2452,2803,2210,2431,3250,1411,3543,3546,1807,3211,2598,3025,3548,3226,3000,4267,1965,1746,2568,2186,3616,3235,3142,2521,2190,2024,3582,3616,2166,2090,3852,1178,1496,2496,2316,2198
575,575,218,373,0,923,1775,472,405,432,1286,1465,1754,1928,1011,949,273,565,1464,368,538,493,196,318,286,391,193,326,696,1321,1139,1504,1534,681,924,444,849,406,914,1574,1208,1769,866,1128,1181,1151,992,1165,667,1176,1731,1257,1346,531,1300,764,2082,1549,1561,1576,1193,806,1857,1293,1993,1859,1409,907,1571,595,1219,2463,582,910,1069,1498,1354,1508,3115,2194,996,1785,1188,434,2742,1270,831,2605,787,2393,1621,1951,2666,6895,4172,5658,5217,2615,2439,1782,2378,2133,1198,1296,1974,1617,1316,1320,1901,2676,1900,2263,1384,2224,2033,2234,2228,2623,2674,2916,2075,2535,3227,3074,2940,3013,3455,2742,1780,1024,1331,3233,1702,3427,1815,1972,2509,2120,2982,3195,1652,1240,1031,1301,1115,1299,3223,1555,2810,1659,1926,3373,2797,1352,1355,1104,2535,3171,1855,2831,1765,1871,2560,2598,2537,2888,2295,2516,3335,1496,3628,3631,1892,3296,2683,3110,3633,3311,3097,4352,2050,1831,2653,2271,3701,3320,3227,2606,2275,2109,3667,3701,2251,2175,3937,1263,1581,2581,2689,2571
1498,1498,865,550,923,0,852,1395,1328,935,363,542,831,1005,144,124,1196,358,541,619,385,882,1073,1117,1145,532,1116,911,1213,398,1298,581,673,650,1313,833,1238,795,689,1053,641,846,1055,1517,390,834,1381,1554,1000,1159,808,1646,1261,920,1689,1357,3005,2392,1950,1965,1956,1547,2780,1682,2382,2782,2332,1822,1960,1518,2142,3386,1505,1833,1992,2421,2277,2431,4038,3117,1919,2708,2111,1289,3665,2193,1754,3528,1710,3316,2544,2874,3589,7284,3783,6581,6140,3004,2866,2493,2535,3048,1977,2219,2419,2540,2239,2243,2824,3599,2823,3186,2179,3147,2956,3157,3151,3546,3597,3839,2618,3458,4150,3997,2791,3936,4378,3665,2703,1871,2254,4156,2201,4350,2738,2895,3432,1731,2593,2806,1263,1121,1306,1390,1772,910,2834,1542,2421,2104,1537,2984,2408,1641,1968,715,2146,2782,1782,2442,1380,1482,2171,2209,2462,2499,1906,2127,2946,1107,3239,3242,1503,2907,2294,2721,3244,2922,2696,3963,1661,1442,2264,1882,3312,2931,2838,2217,1886,1720,3278,3312,1862,1786,3548,874,1192,2192,1766,1648
2350,2350,1717,1402,1775,852,0,2247,2180,1787,489,450,329,613,764,826,2048,1210,311,1471,1237,1726,1925,1969,1997,1384,1968,1763,2065,454,1212,271,587,1094,1887,1551,1406,1457,861,967,567,514,969,1431,594,748,1705,1468,1108,1073,274,1560,1175,1282,1761,2209,3857,3244,2372,2699,2808,2399,3632,2170,2402,3634,3184,2674,1874,2370,2994,4238,2357,2685,2844,3273,3129,3283,4890,3969,2771,3560,2963,2141,4517,3045,2606,4380,2562,4168,3396,3726,4441,7198,3869,7433,6992,2918,3718,3345,3387,3900,2829,3071,3271,3392,3091,3095,3676,4451,3675,4038,3031,3999,3808,4009,4003,4398,4449,4691,3470,4310,5002,4849,3643,4788,5230,4517,3555,2723,3106,5008,3053,5202,3590,3747,4284,1877,2679,2892,1963,1973,2158,2242,2624,1648,2920,2394,2507,2956,1843,3070,2884,2493,2820,1563,2524,3034,2634,3184,2232,1572,2257,2295,3314,2585,1992,2213,3032,1607,3325,3328,1589,2993,2380,2807,3330,3008,2782,4049,1747,1528,2350,1968,3398,3017,2924,2303,1972,1806,3364,3398,1948,1872,3634,1070,1278,2278,1244,796
125,125,530,845,472,1395,2247,0,439,536,1758,1937,2226,2400,1483,1421,199,1037,1936,776,1010,597,322,422,250,863,279,484,592,1793,1611,1976,2006,1153,1028,696,953,790,1386,2046,1680,2241,1338,1414,1653,1623,1096,1269,1139,1648,2203,1361,1818,965,1404,868,1610,1653,1665,1680,1297,910,1385,1397,2097,1387,1133,1011,1675,343,747,1991,640,438,673,1026,882,1036,2643,1722,524,1313,716,538,2270,798,359,2133,315,1921,1149,1479,2194,6999,4068,5186,4745,2719,2335,1678,2274,2029,1094,1122,1870,1145,988,848,1661,2204,1428,1791,1280,1752,1561,1762,1756,2151,2202,2444,1971,2063,2755,2602,2836,2541,2983,2270,1404,920,1185,2761,1598,2955,1343,1500,2037,2016,2878,3091,1548,1136,927,1197,1011,1195,3119,1451,2706,1555,1822,3269,2693,1248,1251,1000,2431,3067,1751,2727,1661,1767,2456,2494,2433,2784,2191,2412,3231,1392,3524,3527,1788,3192,2579,3006,3529,3207,3569,4248,1946,2243,2549,2167,3597,3216,3123,3028,2573,2005,3563,3999,2147,2093,3833,1177,1651,2477,3161,3043
564,564,463,778,405,1328,2180,439,0,393,1691,1870,2159,2333,1416,1354,346,970,1869,709,943,454,531,211,621,796,212,661,1031,1726,1544,1909,1939,1086,589,629,774,723,1319,1979,1613,2174,1271,1347,1586,1556,657,830,1072,1581,2136,1006,1751,898,965,429,1677,1214,1226,1241,858,471,1452,958,1658,1454,1004,572,1236,190,898,2058,201,851,664,1093,949,1103,2710,1789,591,1380,783,99,2337,865,426,2200,382,1988,1216,1546,2261,6560,4507,5253,4812,2280,2774,2117,2713,2468,1533,1561,2309,1560,1427,1241,2100,2271,1495,1858,1719,1819,1696,1829,1823,2218,2269,2511,2410,2248,2822,2669,3275,2608,3050,2337,1843,1359,1624,2828,2037,3022,1410,1567,2104,2455,3317,3530,1987,1575,1366,1636,1450,1634,3558,1890,3145,1994,2261,3708,3132,1687,1690,1439,2870,3506,2190,3166,2100,2206,2895,2933,2872,3223,2630,2851,3670,1831,3963,3966,2227,3631,3018,3445,3968,3646,3502,4687,2385,2176,2988,2606,4036,3655,3562,2961,2610,2444,4002,4036,2586,2510,4272,1598,1916,2916,3094,2976
661,661,214,517,432,935,1787,536,393,0,1298,1477,1766,1940,1023,961,443,803,1476,800,572,61,628,182,718,403,309,758,1128,1333,1151,1516,1546,693,492,236,417,330,926,1586,1220,1781,878,954,1193,1163,560,733,679,1188,1743,825,1358,505,868,422,2070,1457,1129,1144,1021,612,1845,861,1561,1847,1397,887,1139,583,1207,2451,570,948,1057,1486,1342,1496,3103,2182,984,1773,1176,354,2730,1258,819,2593,775,2381,1609,1939,2654,6463,4604,5646,5205,2183,2871,2214,2810,2565,1630,1658,2406,1657,1524,1338,2197,2664,1888,2251,1816,2212,2021,2222,2216,2611,2662,2904,2507,2523,3215,3062,3372,3001,3443,2730,1940,1456,1721,3221,2134,3415,1803,1960,2497,2552,3414,3627,2084,1672,1463,1733,1547,1731,3655,1987,3242,2091,2358,3805,3229,1784,1787,1536,2967,3603,2287,3263,2197,2303,2992,3030,2969,3320,2727,2948,3767,1928,4060,4063,2324,3728,3115,3542,4065,3743,3517,4784,2482,2263,3085,2703,4133,3752,3659,3038,2707,2541,4099,4133,2683,2607,4369,1695,2013,3013,2701,2583
1861,1861,1228,913,1286,363,489,1758,1691,1298,0,537,468,700,317,337,1559,721,376,982,748,1237,1436,1480,1508,895,1479,1274,1576,35,1125,218,500,605,1398,1062,1065,968,516,880,468,483,882,1344,217,661,1216,1381,827,986,445,1473,1088,793,1516,1720,3368,2755,1883,2210,2319,1910,3143,1681,2209,3145,2695,2185,1787,1881,2505,3749,1868,2196,2355,2784,2640,2794,4401,3480,2282,3071,2474,1652,4028,2556,2117,3891,2073,3679,2907,3237,3952,7111,3956,6944,6503,2831,3229,2856,2898,3411,2340,2582,2782,2903,2602,2606,3187,3962,3186,3549,2542,3510,3319,3520,3514,3909,3960,4202,2981,3821,4513,4360,3154,4299,4741,4028,3066,2234,2617,4519,2564,4713,3101,3258,3795,1904,2766,2979,1474,1484,1669,1753,2135,1159,3007,1905,2594,2467,1710,3157,2581,2004,2331,1074,2319,2955,2145,2695,1743,1655,2344,2382,2825,2672,2079,2300,3119,1280,3412,3415,1676,3080,2467,2894,3417,3095,2869,4136,1834,1615,2437,2055,3485,3104,3011,2390,2059,1893,3451,3485,2035,1959,3721,1047,1365,2365,1403,1285
2040,2040,1407,1092,1465,542,450,1937,1870,1477,537,0,289,463,454,516,1738,900,161,1161,927,1416,1615,1659,1687,1074,1658,1453,1755,550,1662,599,1037,1014,1677,1241,1602,1159,1053,1417,1005,964,1419,1881,754,1198,1745,1918,1364,1523,724,2010,1625,1284,2053,1899,3547,2934,2314,2389,2498,2089,3322,2046,2746,3324,2874,2364,2324,2060,2684,3928,2047,2375,2534,2963,2819,2973,4580,3659,2461,3250,2653,1831,4207,2735,2296,4070,2252,3858,3086,3416,4131,7648,3419,7123,6682,3368,3408,3035,3077,3590,2519,2761,2961,3082,2781,2785,3366,4141,3365,3728,2721,3689,3498,3699,3693,4088,4139,4381,3160,4000,4692,4539,3333,4478,4920,4207,3245,2413,2796,4698,2743,4892,3280,3437,3974,1567,2229,2476,1653,1663,1848,1932,2314,1338,2470,2084,2057,2646,1533,2620,2574,2183,2510,1253,2214,2724,2324,2874,1922,1262,1807,1901,3004,2135,1670,1763,2582,1297,2875,2878,1139,2543,1930,2357,2880,2558,2332,3599,1297,1078,1900,1518,2948,2567,2474,1853,1522,1356,2914,2948,1498,1422,3184,760,828,1828,1224,1106
2329,2329,1696,1381,1754,831,329,2226,2159,1766,468,289,0,284,743,805,2027,1189,290,1450,1216,1705,1904,1948,1976,1363,1947,1742,2044,433,1541,478,916,1073,1866,1530,1481,1436,932,1296,884,843,1298,1760,633,1077,1684,1797,1243,1402,603,1889,1504,1261,1932,2188,3836,3223,2351,2678,2787,2378,3611,2149,2625,3613,3163,2653,2203,2349,2973,4217,2336,2664,2823,3252,3108,3262,4869,3948,2750,3539,2942,2120,4496,3024,2585,4359,2541,4147,3375,3705,4420,7527,3540,7412,6971,3247,3697,3324,3366,3879,2808,3050,3250,3371,3070,3074,3655,4430,3654,4017,3010,3978,3787,3988,3982,4377,4428,4670,3449,4289,4981,4828,3622,4767,5209,4496,3534,2702,3085,4987,3032,5181,3569,3726,4263,1856,2498,2765,1942,1952,2137,2221,2603,1627,2591,2373,2178,2935,1822,2741,2863,2472,2799,1542,2503,3013,2613,3163,2211,1551,1962,2190,3293,2256,1959,1884,2703,1586,2996,2999,1260,2664,2051,2478,3001,2679,2453,3720,1418,1199,2021,1639,3069,2688,2595,1974,1643,1477,3035,3069,1619,1543,3305,1049,949,1949,935,817
2503,2503,1870,1555,1928,1005,613,2400,2333,1940,700,463,284,0,917,979,2201,1363,464,1624,1390,1879,2078,2122,2150,1537,2121,1916,2218,713,1825,762,1200,1247,2040,1704,1765,1610,1216,1580,1168,1127,1582,2044,917,1361,1908,2081,1527,1686,887,2173,1788,1447,2216,2362,4010,3397,2525,2852,2961,2552,3785,2323,2909,3787,3337,2827,2487,2523,3147,4391,2510,2838,2997,3426,3282,3436,5043,4122,2924,3713,3116,2294,4670,3198,2759,4533,2715,4321,3549,3879,4594,7811,3256,7586,7145,3531,3871,3498,3540,4053,2982,3224,3424,3545,3244,3248,3829,4604,3828,4191,3184,4152,3961,4162,4156,4551,4602,4844,3623,4463,5155,5002,3796,4941,5383,4670,3708,2876,3259,5161,3206,5355,3743,3900,4437,2030,2672,2939,2116,2126,2311,2395,2777,1801,2307,2547,1898,3109,1996,2643,3037,2646,2973,1716,2677,3187,2787,3337,2385,1725,2136,2364,3467,2218,2133,1956,2419,1760,2712,2715,976,2380,1767,2194,2717,2395,2169,3436,1198,915,1737,1521,2785,2404,2311,1690,1359,1371,2751,2785,1335,1259,3021,1223,749,1665,761,643
1586,1586,953,638,1011,144,764,1483,1416,1023,317,454,743,917,0,62,1284,446,453,707,473,1026,1161,1205,1233,628,1204,999,1301,330,1442,493,817,794,1457,977,1382,939,833,1197,785,758,1199,1661,534,978,1525,1698,1144,1303,720,1790,1405,1064,1833,1445,3093,2480,2094,2109,2044,1635,2868,1826,2526,2870,2420,1910,2104,1606,2230,3474,1593,1921,2080,2509,2365,2519,4126,3205,2007,2796,2199,1377,3753,2281,1842,3616,1798,3404,2632,2962,3677,7428,3639,6669,6228,3148,2954,2581,2623,3136,2065,2307,2507,2628,2327,2331,2912,3687,2911,3274,2267,3235,3044,3245,3239,3634,3685,3927,2706,3546,4238,4085,2879,4024,4466,3753,2791,1959,2342,4244,2289,4438,2826,2983,3520,1587,2449,2662,1199,1209,1394,1478,1860,884,2690,1630,2277,2192,1393,2840,2264,1729,2056,799,2002,2638,1870,2420,1468,1338,2027,2065,2550,2355,1762,1983,2802,963,3095,3098,1359,2763,2150,2577,3100,2778,2552,3819,1517,1298,2120,1738,3168,2787,2694,2073,1742,1576,3134,3168,1718,1642,3404,730,1048,2048,1678,1560
1524,1524,891,576,949,124,826,1421,1354,961,337,516,805,979,62,0,1222,384,515,645,411,1006,1099,1143,1171,608,1142,937,1239,372,1422,555,797,774,1437,957,1362,919,813,1177,765,820,1179,1641,514,958,1505,1678,1124,1283,782,1770,1385,1044,1813,1383,3031,2418,2074,2089,1982,1573,2806,1806,2506,2808,2358,1848,2084,1544,2168,3412,1531,1859,2018,2447,2303,2457,4064,3143,1945,2734,2137,1315,3691,2219,1780,3554,1736,3342,2570,2900,3615,7408,3659,6607,6166,3128,2892,2519,2561,3074,2003,2245,2445,2566,2265,2269,2850,3625,2849,3212,2205,3173,2982,3183,3177,3572,3623,3865,2644,3484,4176,4023,2817,3962,4404,3691,2729,1897,2280,4182,2227,4376,2764,2921,3458,1607,2469,2682,1139,1147,1332,1416,1798,822,2710,1568,2297,2130,1413,2860,2284,1667,1994,737,2022,2658,1808,2358,1406,1358,2047,2085,2488,2375,1782,2003,2822,983,3115,3118,1379,2783,2170,2597,3120,2798,2572,3839,1537,1318,2140,1758,3188,2807,2714,2093,1762,1596,3154,3188,1738,1662,3424,750,1068,2068,1740,1622
302,302,331,646,273,1196,2048,199,346,443,1559,1738,2027,2201,1284,1222,0,838,1737,577,811,504,185,329,275,664,134,315,685,1594,1412,1777,1807,954,935,497,860,591,1187,1847,1481,2042,1139,1215,1454,1424,1003,1176,940,1449,2004,1268,1619,766,1311,775,1809,1560,1572,1587,1204,817,1584,1304,2004,1586,1136,918,1582,322,946,2190,547,637,796,1225,1081,1235,2842,1921,723,1512,915,445,2469,997,558,2332,514,2120,1348,1678,2393,6906,4161,5385,4944,2626,2428,1771,2367,2122,1187,1215,1963,1344,1081,1047,1754,2403,1627,1990,1373,1951,1760,1961,1955,2350,2401,2643,2064,2262,2954,2801,2929,2740,3182,2469,1507,1013,1278,2960,1691,3154,1542,1699,2236,2109,2971,3184,1641,1229,1020,1290,1104,1288,3212,1544,2799,1648,1915,3362,2786,1341,1344,1093,2524,3160,1844,2820,1754,1860,2549,2587,2526,2877,2284,2505,3324,1485,3617,3620,1881,3285,2672,3099,3622,3300,3370,4341,2039,2044,2642,2260,3690,3309,3216,2829,2374,2098,3656,3800,2240,2164,3926,1252,1570,2570,2962,2844
1140,1140,589,286,565,358,1210,1037,970,803,721,900,1189,1363,446,384,838,0,899,261,231,864,715,759,787,466,758,553,855,756,1280,939,969,632,1295,815,1220,777,671,1035,643,1204,1037,1499,616,816,1363,1536,982,1141,1166,1628,1243,902,1671,1135,2647,2034,1932,1947,1598,1189,2422,1664,2364,2424,1974,1464,1942,1160,1784,3028,1147,1475,1634,2063,1919,2073,3680,2759,1561,2350,1753,931,3307,1835,1396,3170,1352,2958,2186,2516,3231,7266,3801,6223,5782,2986,2508,2135,2177,2690,1619,1861,2061,2182,1881,1885,2466,3241,2465,2828,1821,2789,2598,2799,2793,3188,3239,3481,2260,3100,3792,3639,2569,3578,4020,3307,2345,1513,1896,3798,1843,3992,2380,2537,3074,1749,2611,2824,1281,869,948,1032,1414,928,2852,1184,2439,1746,1555,3002,2426,1283,1610,733,2164,2800,1484,2460,1394,1500,2189,2227,2166,2517,1924,2145,2964,1125,3257,3260,1521,2925,2312,2739,3262,2940,2714,3981,1679,1460,2282,1900,3330,2949,2856,2235,1904,1738,3296,3330,1880,1804,3566,892,1210,2210,2124,2006
2039,2039,1406,1091,1464,541,311,1936,1869,1476,376,161,290,464,453,515,1737,899,0,1160,926,1415,1614,1658,1686,1073,1657,1452,1754,389,1501,438,876,853,1576,1240,1441,1146,892,1256,844,803,1258,1720,593,1037,1584,1757,1203,1362,563,1849,1464,1123,1892,1898,3546,2933,2153,2388,2497,2088,3321,1885,2585,3323,2873,2363,2163,2059,2683,3927,2046,2374,2533,2962,2818,2972,4579,3658,2460,3249,2652,1830,4206,2734,2295,4069,2251,3857,3085,3415,4130,7487,3580,7122,6681,3207,3407,3034,3076,3589,2518,2760,2960,3081,2780,2784,3365,4140,3364,3727,2720,3688,3497,3698,3692,4087,4138,4380,3159,3999,4691,4538,3332,4477,4919,4206,3244,2412,2795,4697,2742,4891,3279,3436,3973,1566,2390,2603,1652,1662,1847,1931,2313,1337,2631,2083,2218,2645,1532,2781,2573,2182,2509,1252,2213,2723,2323,2873,1921,1279,1968,2006,3003,2296,1703,1924,2743,1296,3036,3039,1300,2704,2091,2518,3041,2719,2493,3760,1458,1239,2061,1679,3109,2728,2635,2014,1683,1517,3075,3109,1659,1583,3345,759,989,1989,1225,1107
879,879,586,283,368,619,1471,776,709,800,982,1161,1450,1624,707,645,577,261,1160,0,234,861,454,686,526,463,497,292,594,1017,1277,1200,1230,629,1292,812,1217,774,668,1270,904,1465,1034,1496,877,847,1360,1533,979,1138,1427,1625,1240,899,1668,1132,2386,1917,1929,1944,1561,1174,2161,1661,2361,2163,1713,1275,1939,899,1523,2767,904,1214,1373,1802,1658,1812,3419,2498,1300,2089,1492,802,3046,1574,1135,2909,1091,2697,1925,2255,2970,7263,3804,5962,5521,2983,2247,1874,2010,2429,1358,1600,1800,1921,1620,1624,2205,2980,2204,2567,1560,2528,2337,2538,2532,2927,2978,3220,1999,2839,3531,3378,2572,3317,3759,3046,2084,1252,1635,3537,1582,3731,2119,2276,2813,1752,2614,2827,1284,872,687,933,1153,931,2855,1187,2442,1485,1558,3005,2429,1022,1349,736,2167,2803,1487,2463,1397,1503,2192,2230,2169,2520,1927,2148,2967,1128,3260,3263,1524,2928,2315,2742,3265,2943,2793,3984,1682,1467,2285,1903,3333,2952,2859,2252,1907,1741,3299,3333,1883,1807,3569,895,1213,2213,2385,2267
1113,1113,480,165,538,385,1237,1010,943,572,748,927,1216,1390,473,411,811,231,926,234,0,633,688,732,760,235,731,526,828,783,1049,966,996,401,1064,584,989,546,440,1036,670,1231,806,1268,643,613,1132,1305,751,910,1193,1397,1012,671,1440,972,2620,2007,1701,1716,1571,1162,2395,1433,2133,2397,1947,1437,1711,1133,1757,3001,1120,1448,1607,2036,1892,2046,3653,2732,1534,2323,1726,904,3280,1808,1369,3143,1325,2931,2159,2489,3204,7035,4032,6196,5755,2755,2481,2108,2238,2663,1592,1834,2034,2155,1854,1858,2439,3214,2438,2801,1794,2762,2571,2772,2766,3161,3212,3454,2233,3073,3765,3612,2800,3551,3993,3280,2318,1486,1869,3771,1816,3965,2353,2510,3047,1980,2842,3055,1512,1100,921,1161,1387,1159,3083,1415,2670,1719,1786,3233,2657,1256,1583,964,2395,3031,1715,2691,1625,1731,2420,2458,2397,2748,2155,2376,3195,1356,3488,3491,1752,3156,2543,2970,3493,3171,2945,4212,1910,1691,2513,2131,3561,3180,3087,2466,2135,1969,3527,3561,2111,2035,3797,1123,1441,2441,2151,2033
722,722,275,578,493,882,1726,597,454,61,1237,1416,1705,1879,1026,1006,504,864,1415,861,633,0,689,243,779,398,370,819,1189,1272,1090,1455,1485,632,431,175,356,269,865,1525,1159,1720,817,893,1132,1102,499,672,618,1127,1682,764,1297,444,807,483,2131,1518,1068,1083,1082,673,1906,800,1500,1908,1458,948,1078,644,1268,2512,631,1009,1118,1547,1403,1557,3164,2243,1045,1834,1237,415,2791,1319,880,2654,836,2442,1670,2000,2715,6402,4665,5707,5266,2122,2932,2275,2871,2626,1691,1719,2467,1718,1585,1399,2258,2725,1949,2312,1877,2273,2082,2283,2277,2672,2723,2965,2568,2584,3276,3123,3433,3062,3504,2791,2001,1517,1782,3282,2195,3476,1864,2021,2558,2613,3475,3688,2145,1733,1524,1794,1608,1792,3716,2048,3303,2152,2419,3866,3290,1845,1848,1597,3028,3664,2348,3324,2258,2364,3053,3091,3030,3381,2788,3009,3828,1989,4121,4124,2385,3789,3176,3603,4126,3804,3578,4845,2543,2324,3146,2764,4194,3813,3720,3099,2768,2602,4160,4194,2744,2668,4430,1756,2074,3074,2640,2522
425,425,414,523,196,1073,1925,322,531,628,1436,1615,1904,2078,1161,1099,185,715,1614,454,688,689,0,514,90,541,319,162,500,1471,1289,1654,1684,831,1120,640,1045,602,1064,1724,1358,1919,1016,1324,1331,1301,1188,1361,817,1326,1881,1453,1496,727,1496,960,1932,1745,1757,1772,1389,1002,1707,1489,2189,1709,1259,1103,1767,445,1069,2313,732,760,919,1348,1204,1358,2965,2044,846,1635,1038,630,2592,1120,681,2455,637,2243,1471,1801,2516,7091,3976,5508,5067,2811,2243,1586,2182,1975,1002,1146,1778,1467,1166,1170,1751,2526,1750,2113,1188,2074,1883,2084,2078,2473,2524,2766,1879,2385,3077,2924,2744,2863,3305,2592,1630,828,1181,3083,1506,3277,1665,1822,2359,1924,2786,2999,1456,1044,835,1105,919,1103,3027,1359,2614,1463,1730,3177,2601,1156,1159,908,2339,2975,1659,2635,1569,1675,2364,2402,2341,2692,2099,2320,3139,1300,3432,3435,1696,3100,2487,2914,3437,3115,3247,4156,1854,1921,2457,2075,3505,3124,3031,2706,2251,1913,3471,3677,2055,1979,3741,1067,1385,2385,2839,2721
547,547,252,567,318,1117,1969,422,211,182,1480,1659,1948,2122,1205,1143,329,759,1658,686,732,243,514,0,604,585,195,644,1014,1515,1333,1698,1728,875,606,418,563,512,1108,1768,1402,1963,1060,1136,1375,1345,674,847,861,1370,1925,939,1540,687,982,446,1888,1275,1243,1258,875,488,1663,975,1675,1665,1215,705,1253,401,1025,2269,388,834,875,1304,1160,1314,2921,2000,802,1591,994,172,2548,1076,637,2411,593,2199,1427,1757,2472,6577,4490,5464,5023,2297,2757,2100,2696,2451,1516,1544,2292,1543,1410,1224,2083,2482,1706,2069,1702,2030,1839,2040,2034,2429,2480,2722,2393,2341,3033,2880,3258,2819,3261,2548,1826,1342,1607,3039,2020,3233,1621,1778,2315,2438,3300,3513,1970,1558,1349,1619,1433,1617,3541,1873,3128,1977,2244,3691,3115,1670,1673,1422,2853,3489,2173,3149,2083,2189,2878,2916,2855,3206,2613,2834,3653,1814,3946,3949,2210,3614,3001,3428,3951,3629,3403,4670,2368,2149,2971,2589,4019,3638,3545,2924,2593,2427,3985,4019,2569,2493,4255,1581,1899,2899,2883,2765
353,353,504,595,286,1145,1997,250,621,718,1508,1687,1976,2150,1233,1171,275,787,1686,526,760,779,90,604,0,613,409,234,410,1543,1361,1726,1756,903,1210,730,1135,692,1136,1796,1430,1991,1088,1414,1403,1373,1278,1451,897,1398,1953,1543,1568,817,1586,1050,1860,1835,1847,1862,1479,1092,1635,1579,2279,1637,1315,1193,1857,525,997,2241,822,688,855,1276,1132,1286,2893,1972,774,1563,966,720,2520,1048,609,2383,565,2171,1399,1729,2444,7181,3886,5436,4995,2901,2153,1496,2092,1903,912,1074,1688,1395,1094,1098,1679,2454,1678,2041,1098,2002,1811,2012,2006,2401,2452,2694,1789,2313,3005,2852,2654,2791,3233,2520,1558,738,1109,3011,1416,3205,1593,1750,2287,1834,2696,2909,1366,954,745,1015,829,1013,2937,1269,2524,1373,1640,3087,2511,1066,1069,818,2249,2885,1569,2545,1479,1585,2274,2312,2251,2602,2009,2230,3049,1210,3342,3345,1606,3010,2397,2824,3347,3025,3319,4066,1764,1993,2367,1985,3415,3034,2941,2778,2323,1823,3381,3749,1965,1889,3651,977,1401,2295,2911,2793
966,966,333,180,391,532,1384,863,796,403,895,1074,1363,1537,628,608,664,466,1073,463,235,398,541,585,613,0,584,421,791,930,814,1113,1143,290,829,349,754,311,523,1183,817,1378,571,1033,790,760,897,1070,516,785,1340,1162,955,436,1205,825,2473,1860,1466,1481,1424,1015,2248,1198,1898,2250,1800,1290,1476,986,1610,2854,973,1301,1460,1889,1745,1899,3506,2585,1387,2176,1579,757,3133,1661,1222,2996,1178,2784,2012,2342,3057,6800,4267,6049,5608,2520,2534,1961,2473,2516,1445,1687,2069,2008,1707,1711,2292,3067,2291,2654,1647,2615,2424,2625,2619,3014,3065,3307,2170,2926,3618,3465,3035,3404,3846,3133,2171,1339,1722,3624,1797,3818,2206,2363,2900,2215,3077,3290,1747,1335,1126,1396,1240,1394,3318,1650,2905,1754,2021,3468,2892,1447,1450,1199,2630,3266,1950,2926,1860,1966,2655,2693,2632,2983,2390,2611,3430,1591,3723,3726,1987,3391,2778,3205,3728,3406,3180,4447,2145,1926,2748,2366,3796,3415,3322,2701,2370,2204,3762,3796,2346,2270,4032,1358,1676,2676,2298,2180
382,382,251,566,193,1116,1968,279,212,309,1479,1658,1947,2121,1204,1142,134,758,1657,497,731,370,319,195,409,584,0,449,819,1514,1332,1697,1727,874,801,417,726,511,1107,1767,1401,1962,1059,1135,1374,1344,869,1042,860,1369,1924,1134,1539,686,1177,641,1889,1426,1438,1453,1070,683,1664,1170,1870,1666,1216,784,1448,402,1026,2270,413,717,876,1305,1161,1315,2922,2001,803,1592,995,311,2549,1077,638,2412,594,2200,1428,1758,2473,6772,4295,5465,5024,2492,2562,1905,2501,2256,1321,1349,2097,1424,1215,1127,1888,2483,1707,2070,1507,2031,1840,2041,2035,2430,2481,2723,2198,2342,3034,2881,3063,2820,3262,2549,1631,1147,1412,3040,1825,3234,1622,1779,2316,2243,3105,3318,1775,1363,1154,1424,1238,1422,3346,1678,2933,1782,2049,3496,2920,1475,1478,1227,2658,3294,1978,2954,1888,1994,2683,2721,2660,3011,2418,2639,3458,1619,3751,3754,2015,3419,2806,3233,3756,3434,3290,4475,2173,1964,2776,2394,3824,3443,3350,2749,2398,2232,3790,3824,2374,2298,4060,1386,1704,2704,2882,2764
587,587,544,361,326,911,1763,484,661,758,1274,1453,1742,1916,999,937,315,553,1452,292,526,819,162,644,234,421,449,0,370,1309,1235,1492,1522,669,1250,770,1175,732,902,1562,1196,1757,992,1454,1169,1139,1318,1491,937,1164,1719,1583,1334,857,1626,1090,2094,1875,1887,1902,1519,1132,1869,1619,2319,1871,1421,1233,1897,607,1231,2475,862,922,1081,1510,1366,1520,3127,2206,1008,1797,1200,760,2754,1282,843,2617,799,2405,1633,1963,2678,7221,3846,5670,5229,2941,2113,1582,2052,2137,1066,1308,1648,1629,1328,1332,1913,2688,1912,2275,1268,2236,2045,2246,2240,2635,2686,2928,1749,2547,3239,3086,2614,3025,3467,2754,1792,960,1343,3245,1376,3439,1827,1984,2521,1794,2656,2869,1326,914,705,975,861,973,2897,1229,2484,1333,1600,3047,2471,1026,1057,778,2209,2845,1529,2505,1439,1545,2234,2272,2211,2562,1969,2190,3009,1170,3302,3305,1566,2970,2357,2784,3307,2985,3085,4026,1724,1759,2327,1945,3375,2994,2901,2544,2089,1783,3341,3515,1925,1849,3611,937,1255,2255,2677,2559
467,467,914,663,696,1213,2065,592,1031,1128,1576,1755,2044,2218,1301,1239,685,855,1754,594,828,1189,500,1014,410,791,819,370,0,1611,1605,1794,1824,971,1620,1140,1545,1102,1204,1864,1498,2059,1362,1824,1471,1441,1688,1861,1307,1466,2021,1953,1636,1227,1996,1460,2008,2245,2257,2272,1889,1502,1805,1989,2689,1569,1725,1603,2267,935,929,2173,1232,620,1265,1208,1378,1218,2825,1904,706,1495,898,1130,2452,980,927,2315,705,2103,1331,1661,2376,7591,3476,5368,4927,3311,1743,1280,1682,1835,764,1006,1278,1327,1026,1030,1611,2386,1610,1973,966,1934,1743,1944,1938,2333,2384,2626,1405,2245,2937,2784,2244,2723,3165,2452,1490,658,1041,2943,1006,3137,1525,1682,2219,1424,2286,2499,956,544,335,605,559,603,2527,859,2114,963,1230,2677,2101,656,755,502,1839,2475,1159,2135,1069,1175,1864,1902,1841,2192,1599,1820,2639,800,3132,2935,1458,2600,1987,2414,2937,2967,3387,3656,1354,2061,1957,1575,3005,2624,2531,2846,2391,1413,2971,3817,1733,1911,3241,995,1469,1885,2979,2861
1896,1896,1263,948,1321,398,454,1793,1726,1333,35,550,433,713,330,372,1594,756,389,1017,783,1272,1471,1515,1543,930,1514,1309,1611,0,1112,183,487,640,1433,1097,1052,1003,503,867,455,448,869,1331,204,648,1251,1368,814,973,410,1460,1075,828,1503,1755,3403,2790,1918,2245,2354,1945,3178,1716,2196,3180,2730,2220,1774,1916,2540,3784,1903,2231,2390,2819,2675,2829,4436,3515,2317,3106,2509,1687,4063,2591,2152,3926,2108,3714,2942,3272,3987,7098,3969,6979,6538,2818,3264,2891,2933,3446,2375,2617,2817,2938,2637,2641,3222,3997,3221,3584,2577,3545,3354,3555,3549,3944,3995,4237,3016,3856,4548,4395,3189,4334,4776,4063,3101,2269,2652,4554,2599,4748,3136,3293,3830,1917,2779,2992,1509,1519,1704,1788,2170,1194,3020,1940,2607,2502,1723,3170,2594,2039,2366,1109,2332,2968,2180,2730,1778,1668,2357,2395,2860,2685,2092,2313,3132,1293,3425,3428,1689,3093,2480,2907,3430,3108,2882,4149,1847,1628,2450,2068,3498,3117,3024,2403,2072,1906,3464,3498,2048,1972,3734,1060,1378,2378,1368,1250
1714,1714,1081,994,1139,1298,1212,1611,1544,1151,1125,1662,1541,1825,1442,1422,1412,1280,1501,1277,1049,1090,1289,1333,1361,814,1332,1235,1605,1112,0,1063,625,648,1251,915,770,821,609,435,657,698,273,219,908,464,1069,756,472,139,938,538,207,646,1125,1573,3221,2608,1736,2063,2172,1763,2996,1534,1766,2998,2548,2038,1132,1734,2358,3602,1721,2049,2208,2637,2493,2647,4254,3333,2135,2924,2327,1505,3881,2409,1970,3744,1926,3532,2760,3090,3805,5986,5081,6797,6356,1706,3348,2709,3287,3264,2193,2435,2883,2756,2455,2459,3040,3815,3039,3402,2395,3363,3172,3373,3367,3762,3813,4055,2984,3674,4366,4213,3849,4152,4594,3881,2919,2087,2470,4372,2611,4566,2954,3111,3648,3029,3891,4104,2561,2149,1940,2210,2024,2208,4132,2464,3719,2568,2835,4282,3706,2261,2264,2013,3444,4080,2764,3740,2674,2780,3469,3507,3446,3797,3204,3425,4244,2405,4537,4540,2801,4205,3592,4019,4542,4220,3994,5261,2959,2740,3562,3180,4610,4229,4136,3515,3184,3018,4576,4610,3160,3084,4846,2172,2490,3490,2456,1498
2079,2079,1446,1131,1504,581,271,1976,1909,1516,218,599,478,762,493,555,1777,939,438,1200,966,1455,1654,1698,1726,1113,1697,1492,1794,183,1063,0,438,823,1616,1280,1135,1186,590,818,406,365,820,1282,323,599,1434,1319,837,924,227,1411,1026,1011,1490,1938,3586,2973,2101,2428,2537,2128,3361,1899,2147,3363,2913,2403,1725,2099,2723,3967,2086,2414,2573,3002,2858,3012,4619,3698,2500,3289,2692,1870,4246,2774,2335,4109,2291,3897,3125,3455,4170,7049,4018,7162,6721,2769,3447,3074,3116,3629,2558,2800,3000,3121,2820,2824,3405,4180,3404,3767,2760,3728,3537,3738,3732,4127,4178,4420,3199,4039,4731,4578,3372,4517,4959,4246,3284,2452,2835,4737,2782,4931,3319,3476,4013,1966,2828,3041,1692,1702,1887,1971,2353,1377,3069,2123,2656,2685,1772,3219,2643,2222,2549,1292,2381,3017,2363,2913,1961,1717,2406,2444,3043,2734,2141,2362,3181,1342,3474,3477,1738,3142,2529,2956,3479,3157,2931,4198,1896,1677,2499,2117,3547,3166,3073,2452,2121,1955,3513,3547,2097,2021,3783,1109,1427,2427,1393,1067
2109,2109,1476,1161,1534,673,587,2006,1939,1546,500,1037,916,1200,817,797,1807,969,876,1230,996,1485,1684,1728,1756,1143,1727,1522,1824,487,625,438,0,853,1646,1310,1165,1216,620,380,326,235,668,844,353,383,1464,1151,867,486,313,973,588,1041,1520,1968,3616,3003,2131,2458,2567,2158,3391,1929,2161,3393,2943,2433,1527,2129,2753,3997,2116,2444,2603,3032,2888,3042,4649,3728,2530,3319,2722,1900,4276,2804,2365,4139,2321,3927,3155,3485,4200,6611,4456,7192,6751,2331,3477,3104,3146,3659,2588,2830,3030,3151,2850,2854,3435,4210,3434,3797,2790,3758,3567,3768,3762,4157,4208,4450,3229,4069,4761,4608,3402,4547,4989,4276,3314,2482,2865,4767,2812,4961,3349,3506,4043,2404,3266,3479,1936,1732,1917,2001,2383,1583,3507,2153,3094,2715,2210,3657,3081,2252,2579,1388,2819,3455,2393,3115,2049,2155,2844,2882,3073,3172,2579,2800,3619,1780,3912,3915,2176,3580,2967,3394,3917,3595,3369,4636,2334,2115,2937,2555,3985,3604,3511,2890,2559,2393,3951,3985,2535,2459,4221,1547,1865,2865,1831,1037
1256,1256,623,346,681,650,1094,1153,1086,693,605,1014,1073,1247,794,774,954,632,853,629,401,632,831,875,903,290,874,669,971,640,648,823,853,0,793,457,588,363,233,893,527,1088,405,867,500,470,731,904,350,509,1050,996,665,270,1039,1115,2763,2150,1300,1605,1714,1305,2538,1076,1732,2540,2090,1580,1310,1276,1900,3144,1263,1591,1750,2179,2035,2189,3796,2875,1677,2466,1869,1047,3423,1951,1512,3286,1468,3074,2302,2632,3347,6634,4433,6339,5898,2354,2700,2251,2639,2806,1735,1977,2235,2298,1997,2001,2582,3357,2581,2944,1937,2905,2714,2915,2909,3304,3355,3597,2376,3216,3908,3755,3201,3694,4136,3423,2461,1629,2012,3914,1963,4108,2496,2653,3190,2381,3243,3456,1913,1501,1292,1562,1530,1560,3484,1816,3071,1920,2187,3634,3058,1613,1726,1365,2796,3432,2116,3092,2026,2132,2821,2859,2798,3149,2556,2777,3596,1757,3889,3892,2153,3557,2944,3371,3894,3572,3346,4613,2311,2092,2914,2532,3962,3581,3488,2867,2536,2370,3928,3962,2512,2436,4198,1524,1842,2842,2008,1890
1153,1153,706,1009,924,1313,1887,1028,589,492,1398,1677,1866,2040,1457,1437,935,1295,1576,1292,1064,431,1120,606,1210,829,801,1250,1620,1433,1251,1616,1646,793,0,480,481,518,1026,1686,1320,1881,978,1054,1293,1263,182,495,779,1288,1843,713,1458,605,376,322,1970,1357,637,812,921,512,1745,369,1069,1747,1297,787,647,685,1487,2351,470,1440,957,1386,1242,1396,3003,2082,968,1673,1076,490,2630,1158,719,2493,915,2281,1509,1839,2554,5971,5096,5546,5105,1691,3363,2706,3302,3057,2122,2150,2898,2149,2016,1830,2689,2758,1994,2151,2308,2386,2285,2122,2116,2511,2562,3044,2999,2837,3143,2962,3864,2901,3343,2630,2432,1948,2213,3121,2626,3315,1703,1860,2397,3044,3906,4119,2576,2164,1955,2225,2039,2223,4147,2479,3734,2583,2850,4297,3721,2276,2279,2028,3459,4095,2779,3755,2689,2795,3484,3522,3461,3812,3219,3440,4259,2420,4552,4555,2816,4220,3607,4034,4557,4235,4009,5276,2974,2755,3577,3195,4625,4244,4151,3530,3199,3033,4591,4625,3175,3099,4861,2187,2505,3505,2801,2683
799,799,226,529,444,833,1551,696,629,236,1062,1241,1530,1704,977,957,497,815,1240,812,584,175,640,418,730,349,417,770,1140,1097,915,1280,1310,457,480,0,405,94,690,1350,984,1545,642,718,957,927,548,721,443,952,1507,813,1122,269,856,658,2306,1693,1117,1148,1257,848,2081,849,1549,2083,1633,1123,1127,819,1443,2687,806,1134,1293,1722,1578,1732,3339,2418,1220,2009,1412,590,2966,1494,1055,2829,1011,2617,1845,2175,2890,6451,4616,5882,5441,2171,2883,2226,2822,2577,1642,1670,2418,1841,1540,1544,2209,2900,2124,2487,1828,2448,2257,2458,2452,2847,2898,3140,2519,2759,3451,3298,3384,3237,3679,2966,2004,1468,1733,3457,2146,3651,2039,2196,2733,2564,3426,3639,2096,1684,1475,1745,1559,1743,3667,1999,3254,2103,2370,3817,3241,1796,1799,1548,2979,3615,2299,3275,2209,2315,3004,3042,2981,3332,2739,2960,3779,1940,4072,4075,2336,3740,3127,3554,4077,3755,3529,4796,2494,2275,3097,2715,4145,3764,3671,3050,2719,2553,4111,4145,2695,2619,4381,1707,2025,3025,2465,2347
1078,1078,631,934,849,1238,1406,953,774,417,1065,1602,1481,1765,1382,1362,860,1220,1441,1217,989,356,1045,563,1135,754,726,1175,1545,1052,770,1135,1165,588,481,405,0,443,549,1205,839,1400,497,573,848,782,299,316,298,807,1362,408,977,318,451,803,2451,1838,966,1293,1402,993,2226,764,1144,2228,1778,1268,722,964,1588,2832,951,1365,1438,1867,1723,1877,3484,2563,1365,2154,1557,735,3111,1639,1200,2974,1156,2762,1990,2320,3035,6046,5021,6027,5586,1766,3288,2631,3227,2982,2047,2075,2823,2074,1941,1755,2614,3045,2269,2632,2233,2593,2402,2603,2597,2992,3043,3285,2924,2904,3596,3443,3789,3382,3824,3111,2357,1873,2138,3602,2551,3796,2184,2341,2878,2969,3831,4044,2501,2089,1880,2150,1964,2148,4072,2404,3659,2508,2775,4222,3646,2201,2204,1953,3384,4020,2704,3680,2614,2720,3409,3447,3386,3737,3144,3365,4184,2345,4477,4480,2741,4145,3532,3959,4482,4160,3934,5201,2899,2680,3502,3120,4550,4169,4076,3455,3124,2958,4516,4550,3100,3024,4786,2112,2430,3430,2396,2202
893,893,260,491,406,795,1457,790,723,330,968,1159,1436,1610,939,919,591,777,1146,774,546,269,602,512,692,311,511,732,1102,1003,821,1186,1216,363,518,94,443,0,596,1256,890,1451,548,722,863,833,586,759,349,858,1413,851,1028,175,894,752,2400,1787,1155,1242,1351,942,2175,887,1587,2177,1727,1217,1165,913,1537,2781,900,1228,1387,1816,1672,1826,3433,2512,1314,2103,1506,684,3060,1588,1149,2923,1105,2711,1939,2269,2984,6489,4578,5976,5535,2209,2845,2188,2784,2539,1604,1632,2380,1935,1634,1638,2219,2994,2218,2581,1790,2542,2351,2552,2546,2941,2992,3234,2481,2853,3545,3392,3346,3331,3773,3060,2098,1430,1695,3551,2108,3745,2133,2290,2827,2526,3388,3601,2058,1646,1437,1707,1521,1705,3629,1961,3216,2065,2332,3779,3203,1758,1761,1510,2941,3577,2261,3237,2171,2277,2966,3004,2943,3294,2701,2922,3741,1902,4034,4037,2298,3702,3089,3516,4039,3717,3491,4758,2456,2237,3059,2677,4107,3726,3633,3012,2681,2515,4073,4107,2657,2581,4343,1669,1987,2987,2371,2253
1489,1489,856,541,914,689,861,1386,1319,926,516,1053,932,1216,833,813,1187,671,892,668,440,865,1064,1108,1136,523,1107,902,1204,503,609,590,620,233,1026,690,549,596,0,660,294,855,366,828,299,237,844,865,311,470,817,957,572,421,1000,1348,2996,2383,1511,1838,1947,1538,2771,1309,1693,2773,2323,1813,1271,1509,2133,3377,1496,1824,1983,2412,2268,2422,4029,3108,1910,2699,2102,1280,3656,2184,1745,3519,1701,3307,2535,2865,3580,6595,4472,6572,6131,2315,2857,2484,2678,3039,1968,2210,2410,2531,2230,2234,2815,3590,2814,3177,2170,3138,2947,3148,3142,3537,3588,3830,2609,3449,4141,3988,3240,3927,4369,3656,2694,1862,2245,4147,2192,4341,2729,2886,3423,2420,3282,3495,1952,1540,1331,1601,1763,1599,3523,1855,3110,2095,2226,3673,3097,1652,1959,1404,2835,3471,2155,3131,2065,2171,2860,2898,2837,3188,2595,2816,3635,1796,3928,3931,2192,3596,2983,3410,3933,3611,3385,4652,2350,2131,2953,2571,4001,3620,3527,2906,2575,2409,3967,4001,2551,2475,4237,1563,1881,2881,1847,1657
2149,2149,1516,1201,1574,1053,967,2046,1979,1586,880,1417,1296,1580,1197,1177,1847,1035,1256,1270,1036,1525,1724,1768,1796,1183,1767,1562,1864,867,435,818,380,893,1686,1350,1205,1256,660,0,412,453,708,632,663,423,1504,1191,907,398,693,973,228,1081,1560,2008,3656,3043,2171,2498,2607,2198,3431,1969,2201,3433,2983,2473,1567,2169,2793,4037,2156,2484,2643,3072,2928,3082,4689,3768,2570,3359,2762,1940,4316,2844,2405,4179,2361,3967,3195,3525,4240,6231,4836,7232,6791,1951,3517,3144,3186,3699,2628,2870,3070,3191,2890,2894,3475,4250,3474,3837,2830,3798,3607,3808,3802,4197,4248,4490,3269,4109,4801,4648,3604,4587,5029,4316,3354,2522,2905,4807,2852,5001,3389,3546,4083,2784,3646,3859,2316,1904,1957,2041,2423,1963,3887,2219,3474,2755,2590,4037,3461,2292,2619,1768,3199,3835,2519,3495,2429,2535,3224,3262,3201,3552,2959,3180,3999,2160,4292,4295,2556,3960,3347,3774,4297,3975,3749,5016,2714,2495,3317,2935,4365,3984,3891,3270,2939,2773,4331,4365,2915,2839,4601,1927,2245,3245,2211,1253
1783,1783,1150,835,1208,641,567,1680,1613,1220,468,1005,884,1168,785,765,1481,643,844,904,670,1159,1358,1402,1430,817,1401,1196,1498,455,657,406,326,527,1320,984,839,890,294,412,0,561,414,876,251,193,1138,913,541,518,523,1005,620,715,1194,1642,3290,2677,1805,2132,2241,1832,3065,1603,1835,3067,2617,2107,1319,1803,2427,3671,1790,2118,2277,2706,2562,2716,4323,3402,2204,2993,2396,1574,3950,2478,2039,3813,1995,3601,2829,3159,3874,6643,4424,6866,6425,2363,3151,2778,2820,3333,2262,2504,2704,2825,2524,2528,3109,3884,3108,3471,2464,3432,3241,3442,3436,3831,3882,4124,2903,3743,4435,4282,3192,4221,4663,3950,2988,2156,2539,4441,2486,4635,3023,3180,3717,2372,3234,3447,1904,1492,1591,1675,2057,1551,3475,1827,3062,2389,2178,3625,3049,1926,2253,1356,2787,3423,2107,3083,2017,2123,2812,2850,2789,3140,2547,2768,3587,1748,3880,3883,2144,3548,2935,3362,3885,3563,3337,4604,2302,2083,2905,2523,3953,3572,3479,2858,2527,2361,3919,3953,2503,2427,4189,1515,1833,2833,1799,1363
